 ----- Group hex statistics -----
total_frames: 305864
run_lengths: [184, 162, 69, 215, 254, 96, 105, 145, 336, 58, 190, 168, 66, 32, 37, 199, 254, 176, 320, 260, 202, 392, 247, 248, 29, 138, 52, 79, 416, 16, 62, 70, 80, 127, 444, 480, 375, 270, 16, 192, 160, 686, 410, 187, 100, 288, 287, 586, 205, 67, 25, 251, 102, 155, 158, 281, 272, 208, 10, 184, 41, 14, 11, 631, 169, 67, 352, 123, 66, 54, 626, 155, 197, 325, 22, 196, 125, 109, 273, 506, 114, 302, 253, 131, 259, 450, 910, 105, 353, 311, 279, 40, 217, 48, 521, 519, 256, 818, 123, 295, 368, 315, 270, 285, 95, 58, 377, 74, 237, 45, 132, 439, 192, 272, 48, 521, 19, 64, 400, 248, 53, 307, 327, 196, 263, 135, 244, 234, 142, 118, 139, 368, 69, 39, 255, 97, 96, 290, 2295, 183, 318, 53, 273, 340, 734, 65, 80, 258, 28, 224, 537, 11, 134, 146, 82, 199, 414, 131, 238, 183, 112, 301, 66, 13, 115, 158, 213, 226, 69, 348, 209, 149, 211, 309, 71, 331, 48, 150, 27, 81, 182, 31, 426, 53, 240, 129, 10, 270, 121, 119, 191, 108, 448, 593, 65, 82, 263, 362, 311, 98, 96, 64, 32, 13, 91, 49, 64, 128, 433, 48, 48, 40, 149, 32, 274, 351, 434, 733, 629, 218, 458, 624, 384, 143, 412, 73, 128, 102, 176, 22, 128, 114, 66, 185, 68, 11, 323, 22, 282, 17, 48, 577, 13, 235, 216, 152, 176, 317, 211, 240, 328, 112, 365, 163, 32, 104, 164, 193, 122, 165, 96, 759, 286, 215, 261, 111, 138, 71, 116, 214, 36, 33, 64, 128, 140, 172, 67, 96, 141, 58, 206, 208, 77, 224, 247, 232, 363, 472, 480, 196, 11, 319, 293, 229, 144, 98, 352, 124, 270, 299, 32, 72, 96, 82, 18, 154, 251, 180, 80, 173, 23, 208, 424, 391, 208, 368, 208, 98, 96, 180, 162, 16, 62, 32, 179, 242, 452, 20, 564, 79, 209, 231, 280, 319, 173, 187, 146, 214, 270, 66, 204, 98, 32, 494, 606, 84, 354, 32, 49, 255, 302, 234, 235, 341, 57, 322, 159, 302, 63, 260, 247, 352, 32, 368, 263, 280, 400, 27, 140, 10, 31, 475, 48, 379, 223, 63, 420, 251, 267, 264, 123, 87, 144, 16, 48, 111, 16, 92, 154, 81, 254, 26, 72, 83, 185, 26, 110, 227, 474, 163, 73, 160, 1038, 105, 94, 419, 805, 176, 230, 76, 80, 304, 48, 89, 213, 245, 176, 43, 13, 64, 304, 104, 81, 32, 98, 94, 220, 39, 144, 505, 23, 53, 309, 16, 111, 96, 137, 64, 16, 39, 42, 112, 301, 272, 246, 270, 248, 116, 496, 96, 663, 16, 295, 34, 274, 114, 95, 174, 436, 455, 114]
troph_frames_above_200ms: 94523
n_runs_removed_200ms: 148
n_runs_removed_gte_10_200ms: 0
n_troph_runs_200ms: 461
troph_frames_above_1s: 92461
n_runs_removed_1s: 220
n_runs_removed_gte_10_1s: 72
n_troph_runs_1s: 389
troph_frames_above_4s: 69768
n_runs_removed_4s: 413
n_runs_removed_gte_10_4s: 265
n_troph_runs_4s: 196
frames_orig_used: 1087622
mean_run_length_200ms: 4.100780911062906
stdev_run_length_200ms: 3.771312687759026
variance_run_length_200ms: 14.222799388852211
median_run_length_200ms: 3.3
mean_run_length_1s: 4.753778920308483
stdev_run_length_1s: 3.756757123506711
variance_run_length_1s: 14.113224085018418
median_run_length_1s: 4.08
mean_run_length_4s: 7.119183673469387
stdev_run_length_4s: 4.003354919594926
variance_run_length_4s: 16.026850612244896
median_run_length_4s: 6.02
rel_prop_200ms: 1
rel_prop_1s: 1
rel_prop_4s: 1
 ----- Group OCI statistics -----
total_frames: 703327
run_lengths: [80, 174, 187, 174, 281, 50, 80, 54, 11, 322, 58, 50, 298, 26, 98, 81, 266, 218, 432, 246, 309, 234, 25, 197, 88, 183, 81, 173, 289, 34, 32, 59, 389, 279, 203, 827, 34, 79, 393, 1138, 16, 214, 248, 311, 205, 91, 210, 164, 161, 81, 285, 186, 151, 147, 67, 32, 41, 58, 128, 70, 421, 18, 49, 118, 64, 68, 75, 70, 36, 64, 204, 106, 231, 107, 98, 139, 146, 59, 149, 35, 211, 242, 53, 247, 448, 272, 48, 66, 91, 186, 70, 69, 32, 37, 80, 369, 261, 272, 280, 273, 144, 16, 84, 43, 96, 27, 248, 70, 157, 374, 71, 32, 129, 31, 252, 36, 12, 117, 309, 36, 304, 210, 31, 241, 16, 77, 76, 304, 41, 11, 59, 128, 29, 338, 636, 32, 34, 18, 62, 90, 53, 16, 18, 84, 90, 17, 32, 124, 47, 32, 171, 142, 113, 155, 134, 13, 24, 289, 61, 192, 35, 270, 415, 59, 61, 33, 48, 43, 54, 359, 21, 69, 1142, 58, 43, 37, 58, 48, 98, 49, 77, 208, 16, 112, 13, 489, 272, 242, 261, 21, 32, 48, 32, 37, 50, 96, 46, 64, 54, 366, 136, 154, 221, 511, 259, 157, 233, 87, 138, 194, 128, 75, 27, 80, 160, 32, 16, 272, 59, 123, 160, 68, 151, 149, 55, 16, 234, 80, 27, 111, 32, 52, 72, 107, 509, 57, 16, 68, 128, 80, 72, 123, 11, 145, 313, 508, 112, 66, 128, 53, 90, 80, 128, 53, 32, 16, 76, 100, 129, 70, 41, 111, 53, 216, 15, 90, 110, 20, 222, 48, 64, 122, 128, 54, 43, 193, 101, 34, 576, 54, 44, 94, 48, 112, 42, 278, 436, 176, 16, 62, 169, 130, 62, 976, 32, 62, 16, 44, 55, 16, 23, 338, 154, 57, 549, 707, 304, 87, 16, 121, 82, 48, 208, 430, 234, 41, 296, 38, 220, 32, 382, 288, 145, 72, 44, 59, 128, 49, 213, 643, 161, 159, 46, 149, 210, 388, 64, 938, 419, 284, 384, 414, 1298, 527, 426, 475, 279, 296, 240, 541, 200, 190, 372, 32, 50, 79, 48, 85, 358, 33, 49, 57, 44, 62, 59, 10, 32, 123, 16, 17, 400, 46, 532, 29, 74, 91, 71, 14, 93, 128, 80, 16, 149, 43, 30, 48, 48, 48, 28, 48, 320, 37, 48, 48, 130, 93, 208, 190, 36, 208, 373, 64, 32, 53, 50, 141, 98, 354, 27, 176, 187, 85, 55, 204, 80, 32, 16, 54, 48, 39, 48, 48, 74, 29, 50, 66, 49, 51, 114, 86, 48, 24, 55, 34, 66, 29, 65, 22, 69, 48, 54, 434, 96, 49, 379, 144, 110, 152, 330, 288, 58, 320, 41, 189, 144, 650, 208, 32, 24, 117, 89, 206, 839, 199, 427, 48, 74, 22, 270, 597, 61, 31, 32, 32, 304, 336, 42, 305, 16, 46, 167, 80, 25, 56, 147, 164, 1073, 850, 539, 72, 86, 128, 22, 224, 810, 59, 96, 160, 167, 25, 97, 387, 144, 69, 37, 534, 51, 306, 105, 475, 167, 384, 305, 12, 74, 82, 154, 74, 124, 75, 64, 170, 98, 187, 32, 231, 624, 200, 289, 16, 352, 106, 43, 18, 310, 99, 68, 322, 392, 80, 16, 122, 32, 30, 473, 52, 67, 282, 248, 32, 310, 78, 672, 245, 33, 213, 88, 240, 83, 124, 62, 16, 224, 80, 240, 304, 11, 176, 48, 114, 253, 31, 11, 436, 319, 48, 89, 171, 53, 32, 400, 349, 59, 44, 16, 107, 49, 48, 41, 131, 112, 112, 14, 91, 134, 83, 71, 58, 66, 13, 64, 56, 82, 146, 48, 140, 58, 17, 14, 29, 62, 141, 62, 88, 96, 36, 96, 14, 27, 32, 167, 120, 148, 32, 403, 79, 112, 108, 87, 27, 33, 64, 114, 93, 26, 69, 66, 262, 16, 32, 14, 221, 117, 218, 12, 39, 240, 48, 29, 16, 59, 27, 55, 62, 15, 16, 35, 24, 144, 40, 64, 62, 136, 60, 108, 32, 18, 27, 48, 157, 458, 513, 240, 64, 148, 257, 82, 27, 181, 80, 313, 112, 208, 131, 17, 295, 48, 53, 50, 42, 82, 105, 32, 545, 195, 17, 142, 192, 75, 84, 142, 101, 273, 55, 40, 273, 141, 48, 58, 891, 393, 240, 180, 53, 159, 347, 81, 64, 133, 186, 32, 177, 128, 115, 96, 191, 48, 64, 62, 16, 61, 14, 76, 221, 31, 220, 48, 47, 16, 32, 96, 61, 65, 25, 198, 30, 10, 36, 60, 48, 27, 32, 61, 210, 55, 48, 64, 52, 46, 66, 48, 37, 110, 128, 144, 25, 194, 580, 260, 120, 133, 46, 388, 261, 35, 135, 55, 16, 127, 245, 189, 170, 48, 30, 155, 95, 101, 96, 167, 171, 103, 74, 97, 785, 32, 36, 33, 510, 73, 76, 107, 181, 12, 78, 82, 43, 80, 120, 93, 29, 56, 109, 126, 133, 58, 226, 103, 172, 63, 95, 13, 154, 496, 48, 58, 21, 48, 206, 304, 141, 67, 253, 126, 178, 139, 157, 208, 160, 32, 480, 103, 151, 160, 78, 135, 48, 32, 560, 88, 25, 342, 45, 32, 57, 48, 15, 48, 112, 64, 81, 80, 49, 769, 30, 636, 144, 256, 176, 59, 254, 42, 128, 125, 144, 560, 234, 674, 1296, 320, 334, 444, 64, 46, 878, 37, 16, 109, 43, 393, 96, 297, 53, 36, 46, 111, 26, 80, 55, 64, 71, 40, 28, 57, 60, 477, 975, 1392, 128, 27, 32, 11, 665, 109, 662, 278, 530, 1129, 408, 1486, 68, 299, 173, 384, 120, 1091, 357, 576, 439, 269, 64, 1823, 1328, 160, 239, 96, 417, 313, 107, 1120, 120, 637, 576, 544, 127, 27, 366, 64, 129, 1360, 836, 316, 474, 39, 178, 290, 1268, 858, 49]
troph_frames_above_200ms: 158704
n_runs_removed_200ms: 272
n_runs_removed_gte_10_200ms: 0
n_troph_runs_200ms: 958
troph_frames_above_1s: 150071
n_runs_removed_1s: 543
n_runs_removed_gte_10_1s: 271
n_troph_runs_1s: 687
troph_frames_above_4s: 104661
n_runs_removed_4s: 984
n_runs_removed_gte_10_4s: 712
n_troph_runs_4s: 246
frames_orig_used: 1257284
mean_run_length_200ms: 3.3132359081419622
stdev_run_length_200ms: 4.194855804826438
variance_run_length_200ms: 17.59681522328606
median_run_length_200ms: 1.77
mean_run_length_1s: 4.368879184861718
stdev_run_length_1s: 4.5365805434993085
variance_run_length_1s: 20.580563027656478
median_run_length_1s: 2.82
mean_run_length_4s: 8.509024390243903
stdev_run_length_4s: 5.439348537618122
variance_run_length_4s: 29.5865125136884
median_run_length_4s: 6.4
rel_prop_200ms: 1.4524291979759865
rel_prop_1s: 1.4040506833383937
rel_prop_4s: 1.2976967034620523
 ----- Group OLE statistics -----
total_frames: 117065
run_lengths: [80, 33, 129, 16, 128, 96, 212, 47, 103, 48, 137, 261, 337, 369, 16, 44, 446, 196, 207, 273, 173, 210, 264, 293, 806, 688, 636, 445, 149, 41, 234, 203, 279, 235, 62, 32, 421, 314, 48, 139, 46, 407, 181, 96, 36, 86, 11, 16, 16, 460, 39, 80, 199, 403, 474, 54, 279, 247, 30, 94, 363, 327, 42, 207, 48, 32, 364, 113, 245, 246, 190, 69, 179, 89, 71, 38, 192, 304, 394, 263, 668, 1149, 61, 158, 17, 49, 225, 400, 366, 277, 56, 96, 70, 358, 246, 210, 339, 187, 477, 16, 169, 254, 254, 289, 514, 32, 387, 240, 87, 299, 44, 296, 218, 126, 53, 176, 195, 405, 233, 382, 102, 180, 259, 354, 43, 30, 435, 171, 249, 44, 32, 90, 43, 21, 45, 311, 45, 145, 89, 100, 57, 279, 280, 343, 236, 30, 424, 290, 496, 242, 304, 48, 736, 128, 359, 302, 46, 326, 194, 696, 388, 336, 183, 176, 244, 232, 287, 61]
troph_frames_above_200ms: 36469
n_runs_removed_200ms: 47
n_runs_removed_gte_10_200ms: 0
n_troph_runs_200ms: 168
troph_frames_above_1s: 35205
n_runs_removed_1s: 83
n_runs_removed_gte_10_1s: 36
n_troph_runs_1s: 132
troph_frames_above_4s: 29010
n_runs_removed_4s: 133
n_runs_removed_gte_10_4s: 86
n_troph_runs_4s: 82
frames_orig_used: 777168
mean_run_length_200ms: 4.341547619047619
stdev_run_length_200ms: 3.548925786380973
variance_run_length_200ms: 12.594874237239805
median_run_length_200ms: 3.91
mean_run_length_1s: 5.334090909090909
stdev_run_length_1s: 3.377647890783644
variance_run_length_1s: 11.408505274115198
median_run_length_1s: 4.890000000000001
mean_run_length_4s: 7.075609756097561
stdev_run_length_4s: 3.1260167126560408
variance_run_length_4s: 9.771980487804878
median_run_length_4s: 6.08
rel_prop_200ms: 0.5399448851792312
rel_prop_1s: 0.5328547432723115
rel_prop_4s: 0.5819082693781946
 ----- Overall statistics -----
mean_run_length: 3.6508632640201637
stdev_run_length: 4.030827794577516
variance_run_length: 16.247572709538645
median_run_length: 2.34
